# ASY method (with partition functions). 
# All double quantities are log10(x); rates in units of s^-1
#
#  t          dt   2/Rmin Reaction_Rmin       2/Rmax   Reaction_Rmax     dt_FE    dt_EA  trial_dt   interpT   interpRho
-5.2035 -6.2035     inf he4+ti45-->p+v48 -0.2524 co54-->fe54+e++nu 24.4466 -6.2449 -6.2035 7.3979e+00 2.0000e+00
-5.1621 -6.1621     inf he4+ti45-->p+v48 -0.2524 co54-->fe54+e++nu 24.4466 -6.2035 -6.1621 7.3979e+00 2.0000e+00
-5.0793 -6.0793     inf he4+ti45-->p+v48 -0.2524 co54-->fe54+e++nu 24.4466 -6.1207 -6.0793 7.3979e+00 2.0000e+00
-5.0379 -6.0379     inf n+n14-->he4+b11 -0.2524 co54-->fe54+e++nu 24.4466 -6.0793 -6.0379 7.3979e+00 2.0000e+00
-4.9552 -5.9552     inf n+n14-->he4+b11 -0.2524 co54-->fe54+e++nu 24.4466 -5.9965 -5.9552 7.3979e+00 2.0000e+00
-4.9138 -5.9138     inf be9-->n+he4+he4 -0.2524 co54-->fe54+e++nu 24.4466 -5.9552 -5.9138 7.3979e+00 2.0000e+00
-4.8310 -5.8310     inf be9-->n+he4+he4 -0.2524 co54-->fe54+e++nu 24.4466 -5.8724 -5.8310 7.3979e+00 2.0000e+00
-4.7896 -5.7896     inf be9-->n+he4+he4 -0.2524 co54-->fe54+e++nu 24.4466 -5.8310 -5.7896 7.3979e+00 2.0000e+00
-4.7068 -5.7068     inf be9-->n+he4+he4 -0.2524 co54-->fe54+e++nu 24.4466 -5.7482 -5.7068 7.3979e+00 2.0000e+00
-4.6654 -5.6654     inf be9-->n+he4+he4 -0.2524 co54-->fe54+e++nu 24.4466 -5.7068 -5.6654 7.3979e+00 2.0000e+00
-4.6240 -5.6240     inf be9-->n+he4+he4 -0.2524 co54-->fe54+e++nu 24.4466 -5.6654 -5.6240 7.3979e+00 2.0000e+00
-4.5412 -5.5412     inf be9-->n+he4+he4 -0.2524 co54-->fe54+e++nu 24.4466 -5.5826 -5.5412 7.3979e+00 2.0000e+00
-4.4998 -5.4998     inf be9-->n+he4+he4 -0.2524 co54-->fe54+e++nu 24.4466 -5.5412 -5.4998 7.3979e+00 2.0000e+00
-4.4170 -5.4170     inf be9-->n+he4+he4 -0.2524 co54-->fe54+e++nu 24.4466 -5.4584 -5.4170 7.3979e+00 2.0000e+00
-4.3757 -5.3757     inf be9-->n+he4+he4 -0.2524 co54-->fe54+e++nu 24.4466 -5.4170 -5.3757 7.3979e+00 2.0000e+00
-4.2929 -5.2929     inf be9-->n+he4+he4 -0.2524 co54-->fe54+e++nu 24.4466 -5.3343 -5.2929 7.3979e+00 2.0000e+00
-4.2515 -5.2515     inf be9-->n+he4+he4 -0.2524 co54-->fe54+e++nu 24.4466 -5.2929 -5.2515 7.3979e+00 2.0000e+00
-4.1687 -5.1687     inf be9-->n+he4+he4 -0.2524 co54-->fe54+e++nu 24.4466 -5.2101 -5.1687 7.3979e+00 2.0000e+00
-4.1273 -5.1273     inf be9-->n+he4+he4 -0.2524 co54-->fe54+e++nu 24.4466 -5.1687 -5.1273 7.3979e+00 2.0000e+00
-4.0445 -5.0445     inf be9-->n+he4+he4 -0.2524 co54-->fe54+e++nu 24.4466 -5.0859 -5.0445 7.3979e+00 2.0000e+00
-4.0031 -5.0031     inf be9-->n+he4+he4 -0.2524 co54-->fe54+e++nu 24.4466 -5.0445 -5.0031 7.3979e+00 2.0000e+00
-3.9203 -4.9203     inf be9-->n+he4+he4 -0.2524 co54-->fe54+e++nu 24.4466 -4.9617 -4.9203 7.3979e+00 2.0000e+00
-3.8789 -4.8789     inf be9-->n+he4+he4 -0.2524 co54-->fe54+e++nu 24.4466 -4.9203 -4.8789 7.3979e+00 2.0000e+00
-3.7962 -4.7962     inf be9-->n+he4+he4 -0.2524 co54-->fe54+e++nu 24.4466 -4.8375 -4.7962 7.3979e+00 2.0000e+00
-3.7548 -4.7548     inf be9-->n+he4+he4 -0.2524 co54-->fe54+e++nu 24.4466 -4.7962 -4.7548 7.3979e+00 2.0000e+00
-3.6720 -4.6720     inf be9-->n+he4+he4 -0.2524 co54-->fe54+e++nu 24.4466 -4.7134 -4.6720 7.3979e+00 2.0000e+00
-3.6306 -4.6306     inf be9-->n+he4+he4 -0.2524 co54-->fe54+e++nu 24.4466 -4.6720 -4.6306 7.3979e+00 2.0000e+00
-3.5478 -4.5478     inf he4+ti44-->cr48 -0.2524 co54-->fe54+e++nu 24.4466 -4.5892 -4.5478 7.3979e+00 2.0000e+00
-3.5064 -4.5064     inf n+si29-->he4+mg26 -0.2524 co54-->fe54+e++nu 24.4466 -4.5478 -4.5064 7.3979e+00 2.0000e+00
-3.4236 -4.4236     inf he4+ti44-->cr48 -0.2524 co54-->fe54+e++nu 24.4466 -4.4650 -4.4236 7.3979e+00 2.0000e+00
-3.3822 -4.3822     inf he4+ti44-->cr48 -0.2524 co54-->fe54+e++nu 24.4466 -4.4236 -4.3822 7.3979e+00 2.0000e+00
-3.2994 -4.2994     inf he4+ti44-->cr48 -0.2524 co54-->fe54+e++nu 24.4466 -4.3408 -4.2994 7.3979e+00 2.0000e+00
-3.2581 -4.2581     inf he4+ti44-->cr48 -0.2524 co54-->fe54+e++nu 24.4466 -4.2994 -4.2581 7.3979e+00 2.0000e+00
-3.1753 -4.1753     inf he4+ti44-->cr48 -0.2524 co54-->fe54+e++nu 24.4466 -4.2167 -4.1753 7.3979e+00 2.0000e+00
-3.1339 -4.1339     inf he4+ti44-->cr48 -0.2524 co54-->fe54+e++nu 24.4466 -4.1753 -4.1339 7.3979e+00 2.0000e+00
-3.0511 -4.0511     inf he4+ti45-->cr49 -0.2524 co54-->fe54+e++nu 24.4466 -4.0925 -4.0511 7.3979e+00 2.0000e+00
-3.0097 -4.0097     inf he4+ti45-->cr49 -0.2524 co54-->fe54+e++nu 24.4466 -4.0511 -4.0097 7.3979e+00 2.0000e+00
-2.9269 -3.9269     inf he4+ti45-->cr49 -0.2524 co54-->fe54+e++nu 24.4466 -3.9683 -3.9269 7.3979e+00 2.0000e+00
-2.8855 -3.8855     inf he4+ti45-->cr49 -0.2524 co54-->fe54+e++nu 24.4466 -3.9269 -3.8855 7.3979e+00 2.0000e+00
-2.8027 -3.8027     inf he4+ti45-->cr49 -0.2524 co54-->fe54+e++nu 24.4466 -3.8441 -3.8027 7.3979e+00 2.0000e+00
-2.7613 -3.7613     inf n+n14-->he4+b11 -0.2524 co54-->fe54+e++nu 24.4466 -3.8027 -3.7613 7.3979e+00 2.0000e+00
-2.6786 -3.6786     inf he4+ti45-->cr49 -0.2524 co54-->fe54+e++nu 24.4466 -3.7199 -3.6786 7.3979e+00 2.0000e+00
-2.6372 -3.6372     inf he4+ti45-->cr49 -0.2524 co54-->fe54+e++nu 24.4466 -3.6786 -3.6372 7.3979e+00 2.0000e+00
-2.5544 -3.5544     inf he4+ti47-->cr51 -0.2524 co54-->fe54+e++nu 24.4466 -3.5958 -3.5544 7.3979e+00 2.0000e+00
-2.5130 -3.5130     inf he4+ti47-->cr51 -0.2524 co54-->fe54+e++nu 24.4466 -3.5544 -3.5130 7.3979e+00 2.0000e+00
-2.4716 -3.4716     inf he4+ti47-->cr51 -0.2524 co54-->fe54+e++nu 24.4466 -3.5130 -3.4716 7.3979e+00 2.0000e+00
-2.3888 -3.3888     inf he4+ti47-->cr51 -0.2524 co54-->fe54+e++nu 24.4466 -3.4302 -3.3888 7.3979e+00 2.0000e+00
-2.3474 -3.3474     inf he4+ti47-->cr51 -0.2524 co54-->fe54+e++nu 24.4466 -3.3888 -3.3474 7.3979e+00 2.0000e+00
-2.2646 -3.2646     inf n+cr50-->p+v50 -0.2524 co54-->fe54+e++nu 24.4466 -3.3060 -3.2646 7.3979e+00 2.0000e+00
-2.2232 -3.2232     inf be9-->n+he4+he4 -0.2524 co54-->fe54+e++nu 24.4466 -3.2646 -3.2232 7.3979e+00 2.0000e+00
-2.1404 -3.1404     inf be9-->n+he4+he4 -0.2524 co54-->fe54+e++nu 24.4466 -3.1818 -3.1404 7.3979e+00 2.0000e+00
-2.0991 -3.0991     inf n+he4+he4-->be9 -0.2524 co54-->fe54+e++nu 24.4466 -3.1404 -3.0991 7.3979e+00 2.0000e+00
-2.0163 -3.0163     inf be9-->n+he4+he4 -0.2524 co54-->fe54+e++nu 24.4466 -3.0577 -3.0163 7.3979e+00 2.0000e+00
-1.9749 -2.9749     inf be9-->n+he4+he4 -0.2524 co54-->fe54+e++nu 24.4466 -3.0163 -2.9749 7.3979e+00 2.0000e+00
-1.8921 -2.8921     inf be9-->n+he4+he4 -0.2524 co54-->fe54+e++nu 24.4466 -2.9335 -2.8921 7.3979e+00 2.0000e+00
-1.8507 -2.8507     inf be9-->n+he4+he4 -0.2524 co54-->fe54+e++nu 24.4466 -2.8921 -2.8507 7.3979e+00 2.0000e+00
-1.7679 -2.7679     inf be9-->n+he4+he4 -0.2524 co54-->fe54+e++nu 24.4466 -2.8093 -2.7679 7.3979e+00 2.0000e+00
-1.7265 -2.7265     inf be9-->n+he4+he4 -0.2524 co54-->fe54+e++nu 24.4466 -2.7679 -2.7265 7.3979e+00 2.0000e+00
-1.6437 -2.6437     inf be9-->n+he4+he4 -0.2524 co54-->fe54+e++nu 24.4466 -2.6851 -2.6437 7.3979e+00 2.0000e+00
-1.6023 -2.6023     inf be9-->n+he4+he4 -0.2524 co54-->fe54+e++nu 24.4466 -2.6437 -2.6023 7.3979e+00 2.0000e+00
-1.5196 -2.5196     inf be9-->n+he4+he4 -0.2524 co54-->fe54+e++nu 24.4466 -2.5609 -2.5196 7.3979e+00 2.0000e+00
-1.4782 -2.4782     inf be9-->n+he4+he4 -0.2524 co54-->fe54+e++nu 24.4466 -2.5196 -2.4782 7.3979e+00 2.0000e+00
-1.3954 -2.3954     inf be9-->n+he4+he4 -0.2524 co54-->fe54+e++nu 24.4466 -2.4368 -2.3954 7.3979e+00 2.0000e+00
-1.3540 -2.3540     inf be9-->n+he4+he4 -0.2524 co54-->fe54+e++nu 24.4466 -2.3954 -2.3540 7.3979e+00 2.0000e+00
-1.2712 -2.2712     inf be9-->n+he4+he4 -0.2524 co54-->fe54+e++nu 24.4466 -2.3126 -2.2712 7.3979e+00 2.0000e+00
-1.2298 -2.2298     inf be9-->n+he4+he4 -0.2524 co54-->fe54+e++nu 24.4466 -2.2712 -2.2298 7.3979e+00 2.0000e+00
-1.1470 -2.1470     inf be9-->n+he4+he4 -0.2524 co54-->fe54+e++nu 24.4466 -2.1884 -2.1470 7.3979e+00 2.0000e+00
-1.1056 -2.1056     inf n+s32-->p+p32 -0.2524 co54-->fe54+e++nu 24.4466 -2.1470 -2.1056 7.3979e+00 2.0000e+00
-1.0228 -2.0228     inf be9-->n+he4+he4 -0.2524 co54-->fe54+e++nu 24.4466 -2.0642 -2.0228 7.3979e+00 2.0000e+00
-0.9815 -1.9815     inf be9-->n+he4+he4 -0.2524 co54-->fe54+e++nu 24.4466 -2.0228 -1.9815 7.3979e+00 2.0000e+00
-0.8987 -1.8987     inf be9-->n+he4+he4 -0.2524 co54-->fe54+e++nu 24.4466 -1.9401 -1.8987 7.3979e+00 2.0000e+00
-0.8573 -1.8573     inf be9-->n+he4+he4 -0.2524 co54-->fe54+e++nu 24.4466 -1.8987 -1.8573 7.3979e+00 2.0000e+00
-0.7745 -1.7745     inf be9-->n+he4+he4 -0.2524 co54-->fe54+e++nu 24.4466 -1.8159 -1.7745 7.3979e+00 2.0000e+00
-0.7331 -1.7331     inf be9-->n+he4+he4 -0.2524 co54-->fe54+e++nu 24.4466 -1.7745 -1.7331 7.3979e+00 2.0000e+00
-0.6503 -1.6503     inf he4+ti49-->n+cr52 -0.2524 co54-->fe54+e++nu 24.4466 -1.6917 -1.6503 7.3979e+00 2.0000e+00
-0.6089 -1.6089     inf he4+v49-->p+cr52 -0.2524 co54-->fe54+e++nu 24.4466 -1.6503 -1.6089 7.3979e+00 2.0000e+00
-0.5261 -1.5261     inf be9-->n+he4+he4 -0.2524 co54-->fe54+e++nu 24.4466 -1.5675 -1.5261 7.3979e+00 2.0000e+00
-0.4847 -1.4847     inf be9-->n+he4+he4 -0.2524 co54-->fe54+e++nu 24.4466 -1.5261 -1.4847 7.3979e+00 2.0000e+00
-0.4020 -1.4020     inf be9-->n+he4+he4 -0.2524 co54-->fe54+e++nu 24.4466 -1.4433 -1.4020 7.3979e+00 2.0000e+00
-0.3606 -1.3606     inf be9-->n+he4+he4 -0.2524 co54-->fe54+e++nu 24.4466 -1.4020 -1.3606 7.3979e+00 2.0000e+00
-0.2778 -1.2778     inf be9-->n+he4+he4 -0.2524 co54-->fe54+e++nu 24.4466 -1.3192 -1.2778 7.3979e+00 2.0000e+00
-0.2364 -1.2364     inf be9-->n+he4+he4 -0.2524 co54-->fe54+e++nu 24.4466 -1.2778 -1.2364 7.3979e+00 2.0000e+00
-0.1950 -1.1950     inf be9-->n+he4+he4 -0.2524 co54-->fe54+e++nu 24.4466 -1.2364 -1.1950 7.3979e+00 2.0000e+00
-0.1122 -1.1122     inf be9-->n+he4+he4 -0.2524 co54-->fe54+e++nu 24.4466 -1.1536 -1.1122 7.3979e+00 2.0000e+00
-0.0708 -1.0708     inf be9-->n+he4+he4 -0.2524 co54-->fe54+e++nu 24.4466 -1.1122 -1.0708 7.3979e+00 2.0000e+00
 0.0120 -0.9880     inf be9-->n+he4+he4 -0.2524 co54-->fe54+e++nu 24.4466 -1.0294 -0.9880 7.3979e+00 2.0000e+00
 0.0534 -0.9466     inf be9-->n+he4+he4 -0.2524 co54-->fe54+e++nu 24.4466 -0.9880 -0.9466 7.3979e+00 2.0000e+00
 0.1362 -0.8638     inf p+ar38-->he4+cl35 -0.2524 co54-->fe54+e++nu 24.4466 -0.9052 -0.8638 7.3979e+00 2.0000e+00
 0.1775 -0.8225     inf be9-->n+he4+he4 -0.2524 co54-->fe54+e++nu 24.4466 -0.8638 -0.8225 7.3979e+00 2.0000e+00
 0.2603 -0.7397     inf p+ar38-->he4+cl35 -0.2524 co54-->fe54+e++nu 24.4466 -0.7811 -0.7397 7.3979e+00 2.0000e+00
 0.3017 -0.6983     inf p+ar38-->he4+cl35 -0.2524 co54-->fe54+e++nu 24.4466 -0.7397 -0.6983 7.3979e+00 2.0000e+00
 0.3845 -0.6155     inf be9-->n+he4+he4 -0.2524 co54-->fe54+e++nu 24.4466 -0.6569 -0.6155 7.3979e+00 2.0000e+00
 0.4259 -0.5741     inf he4+v50-->p+cr53 -0.2524 co54-->fe54+e++nu 24.4466 -0.6155 -0.5741 7.3979e+00 2.0000e+00
 0.5087 -0.4913     inf be9-->n+he4+he4 -0.2524 co54-->fe54+e++nu 24.4466 -0.5327 -0.4913 7.3979e+00 2.0000e+00
 0.5501 -0.4499     inf be9-->n+he4+he4 -0.2524 co54-->fe54+e++nu 24.4466 -0.4913 -0.4499 7.3979e+00 2.0000e+00
 0.6329 -0.3671     inf be9-->n+he4+he4 -0.2524 co54-->fe54+e++nu 24.4466 -0.4085 -0.3671 7.3979e+00 2.0000e+00
 0.6743 -0.3257     inf be9-->n+he4+he4 -0.2524 co54-->fe54+e++nu 24.4466 -0.3671 -0.3257 7.3979e+00 2.0000e+00
 0.7570 -0.2430     inf be9-->n+he4+he4 -0.2524 co54-->fe54+e++nu 24.4466 -0.2844 -0.2430 7.3979e+00 2.0000e+00
 0.7984 -0.2016     inf be9-->n+he4+he4 -0.2524 co54-->fe54+e++nu 24.4466 -0.2430 -0.2016 7.3979e+00 2.0000e+00
 0.8812 -0.1188     inf be9-->n+he4+he4 -0.2524 co54-->fe54+e++nu 24.4466 -0.1602 -0.1188 7.3979e+00 2.0000e+00
 0.9226 -0.0774     inf p+li6-->he3+he4 -0.2524 co54-->fe54+e++nu 24.4466 -0.1188 -0.0774 7.3979e+00 2.0000e+00
 1.0054  0.0054     inf be9-->n+he4+he4 -0.2524 co54-->fe54+e++nu 24.4466 -0.0360  0.0054 7.3979e+00 2.0000e+00
 1.0468  0.0468     inf be9-->n+he4+he4 -0.2524 co54-->fe54+e++nu 24.4466  0.0054  0.0468 7.3979e+00 2.0000e+00
 1.1296  0.1296     inf p+li6-->he3+he4 -0.2524 co54-->fe54+e++nu 24.4466  0.0882  0.1296 7.3979e+00 2.0000e+00
 1.1710  0.1710     inf be9-->n+he4+he4 -0.2524 co54-->fe54+e++nu 24.4466  0.1296  0.1710 7.3979e+00 2.0000e+00
 1.2538  0.2538     inf be9-->n+he4+he4 -0.2524 co54-->fe54+e++nu 24.4466  0.2124  0.2538 7.3979e+00 2.0000e+00
 1.2951  0.2951     inf p+li6-->he3+he4 -0.2524 co54-->fe54+e++nu 24.4466  0.2538  0.2951 7.3979e+00 2.0000e+00
 1.3779  0.3779     inf be9-->n+he4+he4 -0.2524 co54-->fe54+e++nu 24.4466  0.3365  0.3779 7.3979e+00 2.0000e+00
 1.4193  0.4193     inf be9-->n+he4+he4 -0.2524 co54-->fe54+e++nu 24.4466  0.3779  0.4193 7.3979e+00 2.0000e+00
 1.5021  0.5021     inf be9-->n+he4+he4 -0.2524 co54-->fe54+e++nu 24.4466  0.4607  0.5021 7.3979e+00 2.0000e+00
 1.5435  0.5435     inf be9-->n+he4+he4 -0.2524 co54-->fe54+e++nu 24.4466  0.5021  0.5435 7.3979e+00 2.0000e+00
 1.6263  0.6263     inf he4+cr49-->p+mn52 -0.2524 co54-->fe54+e++nu 24.4466  0.5849  0.6263 7.3979e+00 2.0000e+00
 1.6677  0.6677     inf be9-->n+he4+he4 -0.2524 co54-->fe54+e++nu 24.4466  0.6263  0.6677 7.3979e+00 2.0000e+00
 1.7505  0.7505     inf be9-->n+he4+he4 -0.2524 co54-->fe54+e++nu 24.4466  0.7091  0.7505 7.3979e+00 2.0000e+00
 1.7919  0.7919     inf be9-->n+he4+he4 -0.2524 co54-->fe54+e++nu 24.4466  0.7505  0.7919 7.3979e+00 2.0000e+00
 1.8746  0.8746     inf be9-->n+he4+he4 -0.2524 co54-->fe54+e++nu 24.4466  0.8333  0.8746 7.3979e+00 2.0000e+00
 1.9160  0.9160     inf be9-->n+he4+he4 -0.2524 co54-->fe54+e++nu 24.4466  0.8746  0.9160 7.3979e+00 2.0000e+00
 1.9574  0.9574     inf be9-->n+he4+he4 -0.2524 co54-->fe54+e++nu 24.4466  0.9160  0.9574 7.3979e+00 2.0000e+00
 2.0402  1.0402     inf be9-->n+he4+he4 -0.2524 co54-->fe54+e++nu 24.4466  0.9988  1.0402 7.3979e+00 2.0000e+00
 2.0816  1.0816     inf be9-->n+he4+he4 -0.2524 co54-->fe54+e++nu 24.4466  1.0402  1.0816 7.3979e+00 2.0000e+00
 2.1644  1.1644     inf be9-->n+he4+he4 -0.2524 co54-->fe54+e++nu 24.4466  1.1230  1.1644 7.3979e+00 2.0000e+00
 2.2058  1.2058     inf be9-->n+he4+he4 -0.2524 co54-->fe54+e++nu 24.4466  1.1644  1.2058 7.3979e+00 2.0000e+00
 2.2886  1.2886     inf be9-->n+he4+he4 -0.2524 co54-->fe54+e++nu 24.4466  1.2472  1.2886 7.3979e+00 2.0000e+00
 2.3300  1.3300     inf be9-->n+he4+he4 -0.2524 co54-->fe54+e++nu 24.4466  1.2886  1.3300 7.3979e+00 2.0000e+00
 2.4127  1.4127     inf be9-->n+he4+he4 -0.2524 co54-->fe54+e++nu 24.4466  1.3714  1.4127 7.3979e+00 2.0000e+00
 2.4541  1.4541     inf be9-->n+he4+he4 -0.2524 co54-->fe54+e++nu 24.4466  1.4127  1.4541 7.3979e+00 2.0000e+00
 2.5369  1.5369     inf be9-->n+he4+he4 -0.2524 co54-->fe54+e++nu 24.4466  1.4955  1.5369 7.3979e+00 2.0000e+00
 2.5783  1.5783     inf be9-->n+he4+he4 -0.2524 co54-->fe54+e++nu 24.4466  1.5369  1.5783 7.3979e+00 2.0000e+00
 2.6611  1.6611     inf be9-->n+he4+he4 -0.2524 co54-->fe54+e++nu 24.4466  1.6197  1.6611 7.3979e+00 2.0000e+00
 2.7025  1.7025     inf be9-->n+he4+he4 -0.2524 co54-->fe54+e++nu 24.4466  1.6611  1.7025 7.3979e+00 2.0000e+00
 2.7853  1.7853     inf be9-->n+he4+he4 -0.2524 co54-->fe54+e++nu 24.4466  1.7439  1.7853 7.3979e+00 2.0000e+00
 2.8267  1.8267     inf be9-->n+he4+he4 -0.2524 co54-->fe54+e++nu 24.4466  1.7853  1.8267 7.3979e+00 2.0000e+00
 2.9095  1.9095     inf be9-->n+he4+he4 -0.2524 co54-->fe54+e++nu 24.4466  1.8681  1.9095 7.3979e+00 2.0000e+00
 2.9509  1.9509     inf be9-->n+he4+he4 -0.2524 co54-->fe54+e++nu 24.4466  1.9095  1.9509 7.3979e+00 2.0000e+00
 3.0336  2.0336     inf be9-->n+he4+he4 -0.2524 co54-->fe54+e++nu 24.4466  1.9922  2.0336 7.3979e+00 2.0000e+00
 3.0750  2.0750     inf be9-->n+he4+he4 -0.2524 co54-->fe54+e++nu 24.4466  2.0336  2.0750 7.3979e+00 2.0000e+00
 3.1578  2.1578     inf be9-->n+he4+he4 -0.2524 co54-->fe54+e++nu 24.4466  2.1164  2.1578 7.3979e+00 2.0000e+00
 3.1992  2.1992     inf be9-->n+he4+he4 -0.2524 co54-->fe54+e++nu 24.4466  2.1578  2.1992 7.3979e+00 2.0000e+00
 3.2820  2.2820     inf be9-->n+he4+he4 -0.2524 co54-->fe54+e++nu 24.4466  2.2406  2.2820 7.3979e+00 2.0000e+00
 3.3234  2.3234     inf be9-->n+he4+he4 -0.2524 co54-->fe54+e++nu 24.4466  2.2820  2.3234 7.3979e+00 2.0000e+00
 3.4062  2.4062     inf be9-->n+he4+he4 -0.2524 co54-->fe54+e++nu 24.4466  2.3648  2.4062 7.3979e+00 2.0000e+00
 3.4476  2.4476     inf be9-->n+he4+he4 -0.2524 co54-->fe54+e++nu 24.4466  2.4062  2.4476 7.3979e+00 2.0000e+00
 3.5304  2.5304     inf be9-->n+he4+he4 -0.2524 co54-->fe54+e++nu 24.4466  2.4890  2.5304 7.3979e+00 2.0000e+00
 3.5717  2.5717     inf be9-->n+he4+he4 -0.2524 co54-->fe54+e++nu 24.4466  2.5304  2.5717 7.3979e+00 2.0000e+00
 3.6545  2.6545     inf be9-->n+he4+he4 -0.2524 co54-->fe54+e++nu 24.4466  2.6131  2.6545 7.3979e+00 2.0000e+00
 3.6959  2.6959     inf be9-->n+he4+he4 -0.2524 co54-->fe54+e++nu 24.4466  2.6545  2.6959 7.3979e+00 2.0000e+00
 3.7787  2.7787     inf be9-->n+he4+he4 -0.2524 co54-->fe54+e++nu 24.4466  2.7373  2.7787 7.3979e+00 2.0000e+00
 3.8201  2.8201     inf be9-->n+he4+he4 -0.2524 co54-->fe54+e++nu 24.4466  2.7787  2.8201 7.3979e+00 2.0000e+00
 3.9029  2.9029     inf be9-->n+he4+he4 -0.2524 co54-->fe54+e++nu 24.4466  2.8615  2.9029 7.3979e+00 2.0000e+00
 3.9443  2.9443     inf be9-->n+he4+he4 -0.2524 co54-->fe54+e++nu 24.4466  2.9029  2.9443 7.3979e+00 2.0000e+00
 4.0271  3.0271     inf be9-->n+he4+he4 -0.2524 co54-->fe54+e++nu 24.4466  2.9857  3.0271 7.3979e+00 2.0000e+00
 4.0685  3.0685     inf be9-->n+he4+he4 -0.2524 co54-->fe54+e++nu 24.4466  3.0271  3.0685 7.3979e+00 2.0000e+00
 4.1098  3.1098     inf be9-->n+he4+he4 -0.2524 co54-->fe54+e++nu 24.4466  3.0685  3.1098 7.3979e+00 2.0000e+00
 4.1926  3.1926     inf be9-->n+he4+he4 -0.2524 co54-->fe54+e++nu 24.4466  3.1512  3.1926 7.3979e+00 2.0000e+00
 4.2340  3.2340     inf be9-->n+he4+he4 -0.2524 co54-->fe54+e++nu 24.4466  3.1926  3.2340 7.3979e+00 2.0000e+00
 4.3168  3.3168     inf be9-->n+he4+he4 -0.2524 co54-->fe54+e++nu 24.4466  3.2754  3.3168 7.3979e+00 2.0000e+00
 4.3582  3.3582     inf be9-->n+he4+he4 -0.2524 co54-->fe54+e++nu 24.4466  3.3168  3.3582 7.3979e+00 2.0000e+00
 4.4410  3.4410     inf p+v51-->n+cr51 -0.2524 co54-->fe54+e++nu 24.4466  3.3996  3.4410 7.3979e+00 2.0000e+00
 4.4824  3.4824     inf he4+ti48-->p+v51 -0.2524 co54-->fe54+e++nu 24.4466  3.4410  3.4824 7.3979e+00 2.0000e+00
 4.5652  3.5652     inf p+v51-->n+cr51 -0.2524 co54-->fe54+e++nu 24.4466  3.5238  3.5652 7.3979e+00 2.0000e+00
 4.6066  3.6066     inf p+v51-->n+cr51 -0.2524 co54-->fe54+e++nu 24.4466  3.5652  3.6066 7.3979e+00 2.0000e+00
 4.6893  3.6893     inf be9-->n+he4+he4 -0.2524 co54-->fe54+e++nu 24.4466  3.6480  3.6893 7.3979e+00 2.0000e+00
 4.7307  3.7307     inf be9-->n+he4+he4 -0.2524 co54-->fe54+e++nu 24.4466  3.6893  3.7307 7.3979e+00 2.0000e+00
 4.8135  3.8135     inf he4+sc44-->n+v47 -0.2524 co54-->fe54+e++nu 24.4466  3.7721  3.8135 7.3979e+00 2.0000e+00
 4.8549  3.8549     inf be9-->n+he4+he4 -0.2524 co54-->fe54+e++nu 24.4466  3.8135  3.8549 7.3979e+00 2.0000e+00
 4.9377  3.9377     inf be9-->n+he4+he4 -0.2524 co54-->fe54+e++nu 24.4466  3.8963  3.9377 7.3979e+00 2.0000e+00
 4.9791  3.9791     inf be9-->n+he4+he4 -0.2524 co54-->fe54+e++nu 24.4466  3.9377  3.9791 7.3979e+00 2.0000e+00
 5.0619  4.0619     inf be9-->n+he4+he4 -0.2524 co54-->fe54+e++nu 24.4466  4.0205  4.0619 7.3979e+00 2.0000e+00
 5.1033  4.1033     inf be9-->n+he4+he4 -0.2524 co54-->fe54+e++nu 24.4466  4.0619  4.1033 7.3979e+00 2.0000e+00
 5.1861  4.1861     inf be9-->n+he4+he4 -0.2524 co54-->fe54+e++nu 24.4466  4.1447  4.1861 7.3979e+00 2.0000e+00
 5.2275  4.2275     inf be9-->n+he4+he4 -0.2524 co54-->fe54+e++nu 24.4466  4.1861  4.2275 7.3979e+00 2.0000e+00
 5.3102  4.3102     inf be9-->n+he4+he4 -0.2524 co54-->fe54+e++nu 24.4466  4.2688  4.3102 7.3979e+00 2.0000e+00
 5.3516  4.3516     inf be9-->n+he4+he4 -0.2524 co54-->fe54+e++nu 24.4466  4.3102  4.3516 7.3979e+00 2.0000e+00
 5.4344  4.4344     inf he4+co54-->cu58 -0.2524 co54-->fe54+e++nu 24.4466  4.3930  4.4344 7.3979e+00 2.0000e+00
 5.4758  4.4758     inf he4+co54-->cu58 -0.2524 co54-->fe54+e++nu 24.4466  4.4344  4.4758 7.3979e+00 2.0000e+00
 5.5586  4.5586     inf be9-->n+he4+he4 -0.2524 co54-->fe54+e++nu 24.4466  4.5172  4.5586 7.3979e+00 2.0000e+00
 5.6000  4.6000     inf he4+ca45-->p+sc48 -0.2524 co54-->fe54+e++nu 24.4466  4.5586  4.6000 7.3979e+00 2.0000e+00
 5.6828  4.6828     inf be9-->n+he4+he4 -0.2524 co54-->fe54+e++nu 24.4466  4.6414  4.6828 7.3979e+00 2.0000e+00
 5.7242  4.7242     inf be9-->n+he4+he4 -0.2524 co54-->fe54+e++nu 24.4466  4.6828  4.7242 7.3979e+00 2.0000e+00
 5.8069  4.8069     inf he4+co55-->cu59 -0.2524 co54-->fe54+e++nu 24.4466  4.7656  4.8069 7.3979e+00 2.0000e+00
 5.8483  4.8483     inf be9-->n+he4+he4 -0.2524 co54-->fe54+e++nu 24.4466  4.8069  4.8483 7.3979e+00 2.0000e+00
 5.9311  4.9311     inf be9-->n+he4+he4 -0.2524 co54-->fe54+e++nu 24.4466  4.8897  4.9311 7.3979e+00 2.0000e+00
 5.9725  4.9725     inf be9-->n+he4+he4 -0.2524 co54-->fe54+e++nu 24.4466  4.9311  4.9725 7.3979e+00 2.0000e+00
 6.0553  5.0553     inf be9-->n+he4+he4 -0.2524 co54-->fe54+e++nu 24.4466  5.0139  5.0553 7.3979e+00 2.0000e+00
 6.0967  5.0967     inf he4+co56-->p+ni59 -0.2524 co54-->fe54+e++nu 24.4466  5.0553  5.0967 7.3979e+00 2.0000e+00
 6.1795  5.1795     inf be9-->n+he4+he4 -0.2524 co54-->fe54+e++nu 24.4466  5.1381  5.1795 7.3979e+00 2.0000e+00
 6.2209  5.2209     inf be9-->n+he4+he4 -0.2524 co54-->fe54+e++nu 24.4466  5.1795  5.2209 7.3979e+00 2.0000e+00
 6.2623  5.2623     inf he4+co56-->cu60 -0.2524 co54-->fe54+e++nu 24.4466  5.2209  5.2623 7.3979e+00 2.0000e+00
 6.3451  5.3451     inf be9-->n+he4+he4 -0.2524 co54-->fe54+e++nu 24.4466  5.3037  5.3451 7.3979e+00 2.0000e+00
 6.3864  5.3864     inf be9-->n+he4+he4 -0.2524 co54-->fe54+e++nu 24.4466  5.3451  5.3864 7.3979e+00 2.0000e+00
 6.4692  5.4692     inf he4+co56-->cu60 -0.2524 co54-->fe54+e++nu 24.4466  5.4278  5.4692 7.3979e+00 2.0000e+00
 6.5106  5.5106     inf be9-->n+he4+he4 -0.2524 co54-->fe54+e++nu 24.4466  5.4692  5.5106 7.3979e+00 2.0000e+00
 6.5934  5.5934     inf be9-->n+he4+he4 -0.2524 co54-->fe54+e++nu 24.4466  5.5520  5.5934 7.3979e+00 2.0000e+00
 6.6348  5.6348     inf be9-->n+he4+he4 -0.2524 co54-->fe54+e++nu 24.4466  5.5934  5.6348 7.3979e+00 2.0000e+00
 6.7176  5.7176     inf be9-->n+he4+he4 -0.2524 co54-->fe54+e++nu 24.4466  5.6762  5.7176 7.3979e+00 2.0000e+00
 6.7590  5.7590     inf be9-->n+he4+he4 -0.2524 co54-->fe54+e++nu 24.4466  5.7176  5.7590 7.3979e+00 2.0000e+00
 6.8418  5.8418     inf be9-->n+he4+he4 -0.2524 co54-->fe54+e++nu 24.4466  5.8004  5.8418 7.3979e+00 2.0000e+00
 6.8832  5.8832     inf be9-->n+he4+he4 -0.2524 co54-->fe54+e++nu 24.4466  5.8418  5.8832 7.3979e+00 2.0000e+00
 6.9659  5.9659     inf be9-->n+he4+he4 -0.2524 co54-->fe54+e++nu 24.4466  5.9246  5.9659 7.3979e+00 2.0000e+00
 7.0073  6.0073     inf be9-->n+he4+he4 -0.2524 co54-->fe54+e++nu 24.4466  5.9659  6.0073 7.3979e+00 2.0000e+00
